1.029632850442136987e+05
9.576340961168777721e+04
9.110419472510578635e+04
8.709040170703583863e+04
7.764362737408690737e+04
7.350821836216833617e+04
6.957307287966173317e+04
6.483951186466738727e+04
6.165382033064206917e+04
5.912965257977692090e+04
5.578877222606687428e+04
5.399677714725111582e+04
5.150467594002308761e+04
4.956074391387918149e+04
4.864380576701261452e+04
4.595970589773165557e+04
4.408675098808143230e+04
4.316499084967323142e+04
4.191153268742792716e+04
4.099227329488666874e+04
4.000241330257590744e+04
3.837551389465598913e+04
3.691354037677817541e+04
3.567067884659748233e+04
3.478563069588626968e+04
3.416408472126106790e+04
