1.171746099961553555e+05
1.115561037754710851e+05
1.040970203613994672e+05
1.013341355171088653e+05
9.599596985774696805e+04
9.225233505574781157e+04
9.011013680891961849e+04
8.681213434832759958e+04
8.394490137639381282e+04
8.215119360246052383e+04
8.141259043444834242e+04
7.879754652825843368e+04
7.749518932718198630e+04
7.533692326028438401e+04
7.477934665128799679e+04
7.243904721261048689e+04
7.137093677816215495e+04
7.117217736255288764e+04
7.064842571318728733e+04
6.909743320261435292e+04
6.864433247212608694e+04
6.845982013071904657e+04
6.596604562860439182e+04
6.538334752787395701e+04
6.437375975394085981e+04
6.432179870818920608e+04
