1.300304165541193713e-01
1.209378278587693034e-01
1.150537920856558594e-01
1.099848475791013747e-01
9.805469207679184951e-02
9.283216099485810946e-02
8.786253899735005368e-02
8.188461288223317092e-02
7.786146232905892528e-02
7.467373785079942095e-02
7.045460222528150684e-02
6.819152498895117431e-02
6.504429675189811466e-02
6.258934117230668948e-02
6.143135705068274166e-02
5.804165727638373184e-02
5.567633737634052754e-02
5.451226365133505364e-02
5.292929466486654549e-02
5.176837908527807952e-02
5.051830332210543312e-02
4.846372233614852643e-02
4.661742318748510888e-02
4.504783649044939720e-02
4.393012565150308801e-02
4.314518680700780984e-02
