1.494574107093817328e-01
1.422909486932026901e-01
1.327768116854583791e-01
1.292527238738631901e-01
1.224438391042691476e-01
1.176687947139637980e-01
1.149363989909687883e-01
1.107297631993974102e-01
1.070725782862164271e-01
1.047846857174241642e-01
1.038425898398574049e-01
1.005070746533907877e-01
9.884590475405857779e-02
9.609301436260780926e-02
9.538181970827545875e-02
9.239674389363590479e-02
9.103435813541113641e-02
9.078083847264389883e-02
9.011278789947350931e-02
8.813448112578360638e-02
8.755654652056904519e-02
8.732119914632527347e-02
8.414036432219948458e-02
8.339712694881885879e-02
8.210938744125108324e-02
8.204311059718008559e-02
