8.951897701801771134e+00
9.282418397639689900e+00
9.501622802430384596e+00
9.701458142186783817e+00
1.020091831756793077e+01
1.045634697798696955e+01
1.070814030584907606e+01
1.100520246892570242e+01
1.124420318225452675e+01
1.141798068040233183e+01
1.166856148982635943e+01
1.183140887149259335e+01
1.204410714893375278e+01
1.221052538927404285e+01
1.229391232467298245e+01
1.254850824498023876e+01
1.273464507941951140e+01
1.282488073992712074e+01
1.296534279894705399e+01
1.306083096790165499e+01
1.319126461515444859e+01
1.336805598457924837e+01
1.354326504845225720e+01
1.371483033895001213e+01
1.381419265776741234e+01
1.393370520398907786e+01
