8.469821329044183500e+00
8.658125659473659752e+00
8.961633619604382872e+00
9.089149110165747558e+00
9.317756273229527153e+00
9.478116635908499177e+00
9.593113528028478498e+00
9.750534595413350658e+00
9.904647108491163365e+00
9.999128411342196543e+00
1.003427105098447214e+01
1.018624484095033722e+01
1.026254337275596384e+01
1.040028177494675710e+01
1.041810180373142813e+01
1.055771405780285477e+01
1.062342156648376879e+01
1.064559384841629708e+01
1.068102441813226022e+01
1.077253317288758439e+01
1.082458250689984247e+01
1.081729444361875281e+01
1.098697943071780259e+01
1.103202960489717732e+01
1.108458334518479482e+01
1.110273586476523455e+01
