6.213698235677079795e-01
6.391225942906341162e-01
6.503657979016783663e-01
6.600320811767784734e-01
6.874107437100007711e-01
6.982905420968428256e-01
7.085982987595748073e-01
7.211073313664712048e-01
7.291339934908505072e-01
7.373730862851565204e-01
7.481134435425991214e-01
7.547544925057564358e-01
7.620049524587734213e-01
7.679322456174257905e-01
7.716686377947284958e-01
7.796927190963699461e-01
7.859281688001173993e-01
7.898715755940615146e-01
7.950794533331260183e-01
7.992757044025693425e-01
8.039169142706428239e-01
8.096535363016866826e-01
8.145962921477375440e-01
8.199102685404138224e-01
8.238196442403742381e-01
8.271619134892279623e-01
