4.540802936618774099e-01
4.609152956071929097e-01
4.776145991015300352e-01
4.834066373056334354e-01
4.917712047035495138e-01
5.013969900802142110e-01
5.075090817910824503e-01
5.158164853095587032e-01
5.203645494106481362e-01
5.278590790000651234e-01
5.278226926679263631e-01
5.364669885551389683e-01
5.385223773930974955e-01
5.438903803894287181e-01
5.459005002242788285e-01
5.526640748895237376e-01
5.561302068740231475e-01
5.569283677701724056e-01
5.583337110650824497e-01
5.626049910960542189e-01
5.651454015676491416e-01
5.646600969084893951e-01
5.719062367179158501e-01
5.749203416429466973e-01
5.759690914464581368e-01
5.770375272155691126e-01
